2.670520000000000000e+06 1.170302500000000000e+06
2.670515000000000000e+06 1.170302500000000000e+06
2.670510000000000000e+06 1.170302500000000000e+06
2.670505000000000000e+06 1.170302500000000000e+06
2.670500000000000000e+06 1.170302500000000000e+06
2.670495000000000000e+06 1.170302500000000000e+06
2.670492500000000000e+06 1.170305000000000000e+06
2.670490000000000000e+06 1.170307500000000000e+06
2.670487500000000000e+06 1.170310000000000000e+06
2.670485000000000000e+06 1.170312500000000000e+06
2.670482500000000000e+06 1.170315000000000000e+06
2.670480000000000000e+06 1.170317500000000000e+06
2.670475000000000000e+06 1.170317500000000000e+06
2.670470000000000000e+06 1.170317500000000000e+06
2.670465000000000000e+06 1.170317500000000000e+06
2.670460000000000000e+06 1.170317500000000000e+06
2.670455000000000000e+06 1.170317500000000000e+06
2.670452500000000000e+06 1.170320000000000000e+06
2.670450000000000000e+06 1.170322500000000000e+06
2.670447500000000000e+06 1.170325000000000000e+06
2.670445000000000000e+06 1.170327500000000000e+06
2.670442500000000000e+06 1.170330000000000000e+06
2.670440000000000000e+06 1.170332500000000000e+06
2.670437500000000000e+06 1.170335000000000000e+06
2.670435000000000000e+06 1.170337500000000000e+06
2.670432500000000000e+06 1.170340000000000000e+06
2.670430000000000000e+06 1.170342500000000000e+06
2.670427500000000000e+06 1.170345000000000000e+06
2.670425000000000000e+06 1.170347500000000000e+06
2.670422500000000000e+06 1.170350000000000000e+06
2.670420000000000000e+06 1.170352500000000000e+06
2.670417500000000000e+06 1.170355000000000000e+06
2.670417500000000000e+06 1.170360000000000000e+06
2.670415000000000000e+06 1.170362500000000000e+06
2.670410000000000000e+06 1.170362500000000000e+06
2.670407500000000000e+06 1.170365000000000000e+06
2.670405000000000000e+06 1.170367500000000000e+06
2.670402500000000000e+06 1.170370000000000000e+06
2.670400000000000000e+06 1.170372500000000000e+06
2.670397500000000000e+06 1.170375000000000000e+06
2.670395000000000000e+06 1.170377500000000000e+06
2.670392500000000000e+06 1.170380000000000000e+06
2.670390000000000000e+06 1.170382500000000000e+06
2.670387500000000000e+06 1.170385000000000000e+06
2.670385000000000000e+06 1.170387500000000000e+06
2.670382500000000000e+06 1.170390000000000000e+06
2.670380000000000000e+06 1.170392500000000000e+06
2.670377500000000000e+06 1.170395000000000000e+06
2.670377500000000000e+06 1.170400000000000000e+06
2.670377500000000000e+06 1.170405000000000000e+06
2.670375000000000000e+06 1.170407500000000000e+06
2.670372500000000000e+06 1.170410000000000000e+06
2.670370000000000000e+06 1.170412500000000000e+06
2.670367500000000000e+06 1.170415000000000000e+06
2.670365000000000000e+06 1.170417500000000000e+06
2.670362500000000000e+06 1.170420000000000000e+06
2.670362500000000000e+06 1.170425000000000000e+06
2.670360000000000000e+06 1.170427500000000000e+06
2.670357500000000000e+06 1.170430000000000000e+06
2.670355000000000000e+06 1.170432500000000000e+06
2.670352500000000000e+06 1.170435000000000000e+06
2.670350000000000000e+06 1.170437500000000000e+06
2.670347500000000000e+06 1.170440000000000000e+06
2.670345000000000000e+06 1.170442500000000000e+06
2.670340000000000000e+06 1.170442500000000000e+06
2.670337500000000000e+06 1.170445000000000000e+06
2.670335000000000000e+06 1.170447500000000000e+06
2.670332500000000000e+06 1.170450000000000000e+06
2.670330000000000000e+06 1.170452500000000000e+06
2.670327500000000000e+06 1.170455000000000000e+06
2.670325000000000000e+06 1.170457500000000000e+06
2.670322500000000000e+06 1.170460000000000000e+06
2.670320000000000000e+06 1.170462500000000000e+06
2.670317500000000000e+06 1.170465000000000000e+06
2.670317500000000000e+06 1.170470000000000000e+06
2.670315000000000000e+06 1.170472500000000000e+06
2.670312500000000000e+06 1.170475000000000000e+06
2.670310000000000000e+06 1.170477500000000000e+06
2.670307500000000000e+06 1.170480000000000000e+06
2.670307500000000000e+06 1.170485000000000000e+06
2.670305000000000000e+06 1.170487500000000000e+06
2.670302500000000000e+06 1.170490000000000000e+06
2.670300000000000000e+06 1.170492500000000000e+06
2.670297500000000000e+06 1.170495000000000000e+06
2.670297500000000000e+06 1.170500000000000000e+06
2.670297500000000000e+06 1.170505000000000000e+06
2.670297500000000000e+06 1.170510000000000000e+06
2.670295000000000000e+06 1.170512500000000000e+06
2.670292500000000000e+06 1.170515000000000000e+06
2.670292500000000000e+06 1.170520000000000000e+06
2.670290000000000000e+06 1.170522500000000000e+06
2.670287500000000000e+06 1.170525000000000000e+06
2.670285000000000000e+06 1.170527500000000000e+06
2.670282500000000000e+06 1.170530000000000000e+06
2.670280000000000000e+06 1.170532500000000000e+06
2.670277500000000000e+06 1.170535000000000000e+06
2.670277500000000000e+06 1.170540000000000000e+06
2.670277500000000000e+06 1.170545000000000000e+06
2.670277500000000000e+06 1.170550000000000000e+06
2.670275000000000000e+06 1.170552500000000000e+06
2.670272500000000000e+06 1.170555000000000000e+06
2.670270000000000000e+06 1.170557500000000000e+06
2.670267500000000000e+06 1.170560000000000000e+06
2.670265000000000000e+06 1.170562500000000000e+06
2.670262500000000000e+06 1.170565000000000000e+06
2.670262500000000000e+06 1.170570000000000000e+06
2.670260000000000000e+06 1.170572500000000000e+06
2.670257500000000000e+06 1.170575000000000000e+06
2.670257500000000000e+06 1.170580000000000000e+06
2.670257500000000000e+06 1.170585000000000000e+06
2.670255000000000000e+06 1.170587500000000000e+06
2.670252500000000000e+06 1.170590000000000000e+06
2.670250000000000000e+06 1.170592500000000000e+06
2.670247500000000000e+06 1.170595000000000000e+06
2.670247500000000000e+06 1.170600000000000000e+06
2.670247500000000000e+06 1.170605000000000000e+06
2.670245000000000000e+06 1.170607500000000000e+06
2.670242500000000000e+06 1.170610000000000000e+06
2.670240000000000000e+06 1.170612500000000000e+06
2.670237500000000000e+06 1.170615000000000000e+06
2.670237500000000000e+06 1.170620000000000000e+06
2.670237500000000000e+06 1.170625000000000000e+06
2.670237500000000000e+06 1.170630000000000000e+06
2.670235000000000000e+06 1.170632500000000000e+06
2.670232500000000000e+06 1.170635000000000000e+06
2.670230000000000000e+06 1.170637500000000000e+06
2.670227500000000000e+06 1.170640000000000000e+06
2.670225000000000000e+06 1.170642500000000000e+06
2.670222500000000000e+06 1.170645000000000000e+06
2.670220000000000000e+06 1.170647500000000000e+06
2.670217500000000000e+06 1.170650000000000000e+06
2.670217500000000000e+06 1.170655000000000000e+06
2.670217500000000000e+06 1.170660000000000000e+06
2.670217500000000000e+06 1.170665000000000000e+06
2.670217500000000000e+06 1.170670000000000000e+06
2.670217500000000000e+06 1.170675000000000000e+06
2.670217500000000000e+06 1.170680000000000000e+06
2.670215000000000000e+06 1.170682500000000000e+06
2.670212500000000000e+06 1.170685000000000000e+06
2.670212500000000000e+06 1.170690000000000000e+06
2.670210000000000000e+06 1.170692500000000000e+06
2.670207500000000000e+06 1.170695000000000000e+06
2.670205000000000000e+06 1.170697500000000000e+06
2.670202500000000000e+06 1.170700000000000000e+06
2.670202500000000000e+06 1.170705000000000000e+06
2.670200000000000000e+06 1.170707500000000000e+06
2.670197500000000000e+06 1.170710000000000000e+06
2.670197500000000000e+06 1.170715000000000000e+06
2.670197500000000000e+06 1.170720000000000000e+06
2.670197500000000000e+06 1.170725000000000000e+06
2.670195000000000000e+06 1.170727500000000000e+06
2.670192500000000000e+06 1.170730000000000000e+06
2.670190000000000000e+06 1.170732500000000000e+06
2.670187500000000000e+06 1.170735000000000000e+06
2.670187500000000000e+06 1.170740000000000000e+06
2.670187500000000000e+06 1.170745000000000000e+06
2.670190000000000000e+06 1.170747500000000000e+06
2.670192500000000000e+06 1.170750000000000000e+06
2.670192500000000000e+06 1.170755000000000000e+06
2.670192500000000000e+06 1.170760000000000000e+06
2.670192500000000000e+06 1.170765000000000000e+06
2.670190000000000000e+06 1.170767500000000000e+06
2.670187500000000000e+06 1.170770000000000000e+06
2.670185000000000000e+06 1.170772500000000000e+06
2.670182500000000000e+06 1.170775000000000000e+06
2.670185000000000000e+06 1.170777500000000000e+06
2.670187500000000000e+06 1.170780000000000000e+06
2.670187500000000000e+06 1.170785000000000000e+06
2.670185000000000000e+06 1.170787500000000000e+06
2.670182500000000000e+06 1.170790000000000000e+06
2.670180000000000000e+06 1.170792500000000000e+06
2.670177500000000000e+06 1.170795000000000000e+06
2.670175000000000000e+06 1.170797500000000000e+06
2.670172500000000000e+06 1.170800000000000000e+06
2.670170000000000000e+06 1.170802500000000000e+06
2.670167500000000000e+06 1.170805000000000000e+06
2.670165000000000000e+06 1.170807500000000000e+06
2.670162500000000000e+06 1.170810000000000000e+06
2.670160000000000000e+06 1.170812500000000000e+06
2.670157500000000000e+06 1.170815000000000000e+06
2.670157500000000000e+06 1.170820000000000000e+06
2.670155000000000000e+06 1.170822500000000000e+06
2.670150000000000000e+06 1.170822500000000000e+06
2.670147500000000000e+06 1.170825000000000000e+06
2.670145000000000000e+06 1.170827500000000000e+06
2.670142500000000000e+06 1.170830000000000000e+06
2.670140000000000000e+06 1.170832500000000000e+06
2.670137500000000000e+06 1.170835000000000000e+06
2.670137500000000000e+06 1.170840000000000000e+06
2.670137500000000000e+06 1.170845000000000000e+06
2.670137500000000000e+06 1.170850000000000000e+06
2.670135000000000000e+06 1.170852500000000000e+06
2.670132500000000000e+06 1.170855000000000000e+06
2.670132500000000000e+06 1.170860000000000000e+06
2.670132500000000000e+06 1.170865000000000000e+06
2.670132500000000000e+06 1.170870000000000000e+06
2.670135000000000000e+06 1.170872500000000000e+06
2.670137500000000000e+06 1.170875000000000000e+06
2.670137500000000000e+06 1.170880000000000000e+06
2.670135000000000000e+06 1.170882500000000000e+06
2.670132500000000000e+06 1.170885000000000000e+06
2.670130000000000000e+06 1.170887500000000000e+06
2.670127500000000000e+06 1.170890000000000000e+06
2.670130000000000000e+06 1.170892500000000000e+06
2.670132500000000000e+06 1.170895000000000000e+06
2.670132500000000000e+06 1.170900000000000000e+06
2.670132500000000000e+06 1.170905000000000000e+06
2.670132500000000000e+06 1.170910000000000000e+06
2.670135000000000000e+06 1.170912500000000000e+06
2.670137500000000000e+06 1.170915000000000000e+06
2.670135000000000000e+06 1.170917500000000000e+06
2.670132500000000000e+06 1.170920000000000000e+06
2.670130000000000000e+06 1.170922500000000000e+06
2.670127500000000000e+06 1.170925000000000000e+06
2.670125000000000000e+06 1.170927500000000000e+06
2.670122500000000000e+06 1.170930000000000000e+06
2.670120000000000000e+06 1.170932500000000000e+06
2.670117500000000000e+06 1.170935000000000000e+06
2.670115000000000000e+06 1.170937500000000000e+06
2.670110000000000000e+06 1.170937500000000000e+06
2.670107500000000000e+06 1.170940000000000000e+06
2.670105000000000000e+06 1.170942500000000000e+06
2.670102500000000000e+06 1.170945000000000000e+06
2.670100000000000000e+06 1.170947500000000000e+06
2.670097500000000000e+06 1.170950000000000000e+06
2.670095000000000000e+06 1.170952500000000000e+06
2.670090000000000000e+06 1.170952500000000000e+06
2.670087500000000000e+06 1.170955000000000000e+06
2.670085000000000000e+06 1.170957500000000000e+06
2.670082500000000000e+06 1.170960000000000000e+06
2.670080000000000000e+06 1.170962500000000000e+06
2.670077500000000000e+06 1.170965000000000000e+06
2.670077500000000000e+06 1.170970000000000000e+06
2.670075000000000000e+06 1.170972500000000000e+06
2.670070000000000000e+06 1.170972500000000000e+06
2.670067500000000000e+06 1.170975000000000000e+06
2.670065000000000000e+06 1.170977500000000000e+06
2.670062500000000000e+06 1.170980000000000000e+06
2.670060000000000000e+06 1.170982500000000000e+06
2.670055000000000000e+06 1.170982500000000000e+06
2.670050000000000000e+06 1.170982500000000000e+06
2.670047500000000000e+06 1.170985000000000000e+06
2.670045000000000000e+06 1.170987500000000000e+06
2.670042500000000000e+06 1.170990000000000000e+06
2.670040000000000000e+06 1.170992500000000000e+06
2.670037500000000000e+06 1.170995000000000000e+06
2.670037500000000000e+06 1.171000000000000000e+06
2.670035000000000000e+06 1.171002500000000000e+06
2.670030000000000000e+06 1.171002500000000000e+06
2.670027500000000000e+06 1.171005000000000000e+06
2.670025000000000000e+06 1.171007500000000000e+06
2.670022500000000000e+06 1.171010000000000000e+06
2.670020000000000000e+06 1.171012500000000000e+06
2.670017500000000000e+06 1.171015000000000000e+06
2.670017500000000000e+06 1.171020000000000000e+06
2.670015000000000000e+06 1.171022500000000000e+06
2.670010000000000000e+06 1.171022500000000000e+06
2.670007500000000000e+06 1.171025000000000000e+06
2.670005000000000000e+06 1.171027500000000000e+06
2.670002500000000000e+06 1.171030000000000000e+06
2.670000000000000000e+06 1.171032500000000000e+06
2.669997500000000000e+06 1.171035000000000000e+06
2.669997500000000000e+06 1.171040000000000000e+06
2.669995000000000000e+06 1.171042500000000000e+06
2.669992500000000000e+06 1.171045000000000000e+06
2.669990000000000000e+06 1.171047500000000000e+06
2.669987500000000000e+06 1.171050000000000000e+06
2.669987500000000000e+06 1.171055000000000000e+06
2.669987500000000000e+06 1.171060000000000000e+06
2.669987500000000000e+06 1.171065000000000000e+06
2.669985000000000000e+06 1.171067500000000000e+06
2.669982500000000000e+06 1.171070000000000000e+06
2.669980000000000000e+06 1.171072500000000000e+06
2.669977500000000000e+06 1.171075000000000000e+06
2.669977500000000000e+06 1.171080000000000000e+06
2.669977500000000000e+06 1.171085000000000000e+06
2.669977500000000000e+06 1.171090000000000000e+06
2.669975000000000000e+06 1.171092500000000000e+06
2.669972500000000000e+06 1.171095000000000000e+06
2.669972500000000000e+06 1.171100000000000000e+06
2.669970000000000000e+06 1.171102500000000000e+06
2.669967500000000000e+06 1.171105000000000000e+06
2.669965000000000000e+06 1.171107500000000000e+06
2.669962500000000000e+06 1.171110000000000000e+06
2.669960000000000000e+06 1.171112500000000000e+06
2.669957500000000000e+06 1.171115000000000000e+06
2.669957500000000000e+06 1.171120000000000000e+06
2.669957500000000000e+06 1.171125000000000000e+06
2.669957500000000000e+06 1.171130000000000000e+06
2.669955000000000000e+06 1.171132500000000000e+06
2.669952500000000000e+06 1.171135000000000000e+06
2.669952500000000000e+06 1.171140000000000000e+06
2.669952500000000000e+06 1.171145000000000000e+06
2.669950000000000000e+06 1.171147500000000000e+06
2.669947500000000000e+06 1.171150000000000000e+06
2.669945000000000000e+06 1.171152500000000000e+06
2.669942500000000000e+06 1.171155000000000000e+06
2.669942500000000000e+06 1.171160000000000000e+06
2.669940000000000000e+06 1.171162500000000000e+06
2.669937500000000000e+06 1.171165000000000000e+06
2.669937500000000000e+06 1.171170000000000000e+06
2.669935000000000000e+06 1.171172500000000000e+06
2.669932500000000000e+06 1.171175000000000000e+06
2.669932500000000000e+06 1.171180000000000000e+06
2.669932500000000000e+06 1.171185000000000000e+06
2.669930000000000000e+06 1.171187500000000000e+06
2.669927500000000000e+06 1.171190000000000000e+06
2.669927500000000000e+06 1.171195000000000000e+06
2.669927500000000000e+06 1.171200000000000000e+06
2.669927500000000000e+06 1.171205000000000000e+06
2.669925000000000000e+06 1.171207500000000000e+06
2.669922500000000000e+06 1.171210000000000000e+06
2.669920000000000000e+06 1.171212500000000000e+06
2.669917500000000000e+06 1.171215000000000000e+06
2.669917500000000000e+06 1.171220000000000000e+06
2.669917500000000000e+06 1.171225000000000000e+06
2.669917500000000000e+06 1.171230000000000000e+06
2.669917500000000000e+06 1.171235000000000000e+06
2.669917500000000000e+06 1.171240000000000000e+06
2.669917500000000000e+06 1.171245000000000000e+06
2.669917500000000000e+06 1.171250000000000000e+06
2.669915000000000000e+06 1.171252500000000000e+06
2.669912500000000000e+06 1.171255000000000000e+06
2.669912500000000000e+06 1.171260000000000000e+06
2.669910000000000000e+06 1.171262500000000000e+06
2.669907500000000000e+06 1.171265000000000000e+06
2.669905000000000000e+06 1.171267500000000000e+06
2.669902500000000000e+06 1.171270000000000000e+06
2.669900000000000000e+06 1.171272500000000000e+06
2.669897500000000000e+06 1.171275000000000000e+06
2.669895000000000000e+06 1.171277500000000000e+06
2.669892500000000000e+06 1.171280000000000000e+06
2.669890000000000000e+06 1.171282500000000000e+06
2.669887500000000000e+06 1.171285000000000000e+06
2.669885000000000000e+06 1.171287500000000000e+06
2.669882500000000000e+06 1.171290000000000000e+06
2.669882500000000000e+06 1.171295000000000000e+06
2.669882500000000000e+06 1.171300000000000000e+06
2.669880000000000000e+06 1.171302500000000000e+06
2.669877500000000000e+06 1.171305000000000000e+06
2.669875000000000000e+06 1.171307500000000000e+06
2.669872500000000000e+06 1.171310000000000000e+06
2.669870000000000000e+06 1.171312500000000000e+06
2.669867500000000000e+06 1.171315000000000000e+06
2.669867500000000000e+06 1.171320000000000000e+06
2.669865000000000000e+06 1.171322500000000000e+06
2.669860000000000000e+06 1.171322500000000000e+06
2.669855000000000000e+06 1.171322500000000000e+06
2.669852500000000000e+06 1.171325000000000000e+06
2.669850000000000000e+06 1.171327500000000000e+06
2.669847500000000000e+06 1.171330000000000000e+06
2.669845000000000000e+06 1.171332500000000000e+06
2.669842500000000000e+06 1.171335000000000000e+06
2.669842500000000000e+06 1.171340000000000000e+06
2.669840000000000000e+06 1.171342500000000000e+06
2.669837500000000000e+06 1.171345000000000000e+06
2.669837500000000000e+06 1.171350000000000000e+06
2.669837500000000000e+06 1.171355000000000000e+06
2.669837500000000000e+06 1.171360000000000000e+06
2.669837500000000000e+06 1.171365000000000000e+06
2.669840000000000000e+06 1.171367500000000000e+06
2.669842500000000000e+06 1.171370000000000000e+06
2.669842500000000000e+06 1.171375000000000000e+06
2.669842500000000000e+06 1.171380000000000000e+06
2.669845000000000000e+06 1.171382500000000000e+06
2.669847500000000000e+06 1.171385000000000000e+06
2.669847500000000000e+06 1.171390000000000000e+06
2.669847500000000000e+06 1.171395000000000000e+06
2.669850000000000000e+06 1.171397500000000000e+06
2.669852500000000000e+06 1.171400000000000000e+06
2.669850000000000000e+06 1.171402500000000000e+06
2.669847500000000000e+06 1.171405000000000000e+06
2.669847500000000000e+06 1.171410000000000000e+06
2.669850000000000000e+06 1.171412500000000000e+06
2.669852500000000000e+06 1.171415000000000000e+06
2.669852500000000000e+06 1.171420000000000000e+06
2.669855000000000000e+06 1.171422500000000000e+06
2.669857500000000000e+06 1.171425000000000000e+06
2.669857500000000000e+06 1.171430000000000000e+06
2.669855000000000000e+06 1.171432500000000000e+06
2.669852500000000000e+06 1.171435000000000000e+06
2.669855000000000000e+06 1.171437500000000000e+06
2.669857500000000000e+06 1.171440000000000000e+06
2.669857500000000000e+06 1.171445000000000000e+06
2.669857500000000000e+06 1.171450000000000000e+06
2.669857500000000000e+06 1.171455000000000000e+06
2.669857500000000000e+06 1.171460000000000000e+06
2.669857500000000000e+06 1.171465000000000000e+06
2.669857500000000000e+06 1.171470000000000000e+06
2.669857500000000000e+06 1.171475000000000000e+06
2.669857500000000000e+06 1.171480000000000000e+06
2.669860000000000000e+06 1.171482500000000000e+06
2.669862500000000000e+06 1.171485000000000000e+06
2.669862500000000000e+06 1.171490000000000000e+06
2.669865000000000000e+06 1.171492500000000000e+06
2.669867500000000000e+06 1.171495000000000000e+06
2.669867500000000000e+06 1.171500000000000000e+06
2.669867500000000000e+06 1.171505000000000000e+06
2.669865000000000000e+06 1.171507500000000000e+06
2.669862500000000000e+06 1.171510000000000000e+06
2.669862500000000000e+06 1.171515000000000000e+06
2.669865000000000000e+06 1.171517500000000000e+06
2.669867500000000000e+06 1.171520000000000000e+06
2.669867500000000000e+06 1.171525000000000000e+06
2.669870000000000000e+06 1.171527500000000000e+06
2.669872500000000000e+06 1.171530000000000000e+06
2.669875000000000000e+06 1.171532500000000000e+06
2.669877500000000000e+06 1.171535000000000000e+06
2.669877500000000000e+06 1.171540000000000000e+06
2.669877500000000000e+06 1.171545000000000000e+06
2.669877500000000000e+06 1.171550000000000000e+06
2.669880000000000000e+06 1.171552500000000000e+06
2.669882500000000000e+06 1.171555000000000000e+06
2.669885000000000000e+06 1.171557500000000000e+06
2.669887500000000000e+06 1.171560000000000000e+06
2.669887500000000000e+06 1.171565000000000000e+06
2.669887500000000000e+06 1.171570000000000000e+06
2.669890000000000000e+06 1.171572500000000000e+06
2.669892500000000000e+06 1.171575000000000000e+06
2.669895000000000000e+06 1.171577500000000000e+06
2.669897500000000000e+06 1.171580000000000000e+06
2.669897500000000000e+06 1.171585000000000000e+06
2.669897500000000000e+06 1.171590000000000000e+06
2.669900000000000000e+06 1.171592500000000000e+06
2.669902500000000000e+06 1.171595000000000000e+06
2.669905000000000000e+06 1.171597500000000000e+06
2.669907500000000000e+06 1.171600000000000000e+06
2.669910000000000000e+06 1.171602500000000000e+06
2.669915000000000000e+06 1.171602500000000000e+06
2.669917500000000000e+06 1.171605000000000000e+06
2.669917500000000000e+06 1.171610000000000000e+06
2.669920000000000000e+06 1.171612500000000000e+06
2.669922500000000000e+06 1.171615000000000000e+06
2.669925000000000000e+06 1.171617500000000000e+06
2.669927500000000000e+06 1.171620000000000000e+06
2.669927500000000000e+06 1.171625000000000000e+06
2.669930000000000000e+06 1.171627500000000000e+06
2.669932500000000000e+06 1.171630000000000000e+06
2.669935000000000000e+06 1.171632500000000000e+06
2.669937500000000000e+06 1.171635000000000000e+06
2.669940000000000000e+06 1.171637500000000000e+06
2.669942500000000000e+06 1.171640000000000000e+06
2.669942500000000000e+06 1.171645000000000000e+06
2.669945000000000000e+06 1.171647500000000000e+06
2.669947500000000000e+06 1.171650000000000000e+06
2.669947500000000000e+06 1.171655000000000000e+06
2.669947500000000000e+06 1.171660000000000000e+06
2.669950000000000000e+06 1.171662500000000000e+06
2.669952500000000000e+06 1.171665000000000000e+06
2.669955000000000000e+06 1.171667500000000000e+06
2.669957500000000000e+06 1.171670000000000000e+06
2.669960000000000000e+06 1.171672500000000000e+06
2.669962500000000000e+06 1.171675000000000000e+06
2.669965000000000000e+06 1.171677500000000000e+06
2.669967500000000000e+06 1.171680000000000000e+06
2.669970000000000000e+06 1.171682500000000000e+06
2.669975000000000000e+06 1.171682500000000000e+06
2.669980000000000000e+06 1.171682500000000000e+06
2.669982500000000000e+06 1.171685000000000000e+06
2.669985000000000000e+06 1.171687500000000000e+06
2.669987500000000000e+06 1.171690000000000000e+06
2.669990000000000000e+06 1.171692500000000000e+06
2.669992500000000000e+06 1.171695000000000000e+06
2.669995000000000000e+06 1.171697500000000000e+06
2.669997500000000000e+06 1.171700000000000000e+06
2.670000000000000000e+06 1.171702500000000000e+06
2.670002500000000000e+06 1.171705000000000000e+06
2.670005000000000000e+06 1.171707500000000000e+06
2.670007500000000000e+06 1.171710000000000000e+06
2.670010000000000000e+06 1.171712500000000000e+06
2.670015000000000000e+06 1.171712500000000000e+06
2.670020000000000000e+06 1.171712500000000000e+06
2.670025000000000000e+06 1.171712500000000000e+06
2.670030000000000000e+06 1.171712500000000000e+06
2.670035000000000000e+06 1.171712500000000000e+06
2.670040000000000000e+06 1.171712500000000000e+06
2.670045000000000000e+06 1.171712500000000000e+06
2.670050000000000000e+06 1.171712500000000000e+06
2.670052500000000000e+06 1.171710000000000000e+06
2.670055000000000000e+06 1.171707500000000000e+06
2.670060000000000000e+06 1.171707500000000000e+06
2.670065000000000000e+06 1.171707500000000000e+06
2.670070000000000000e+06 1.171707500000000000e+06
2.670075000000000000e+06 1.171707500000000000e+06
2.670080000000000000e+06 1.171707500000000000e+06
2.670085000000000000e+06 1.171707500000000000e+06
2.670090000000000000e+06 1.171707500000000000e+06
2.670095000000000000e+06 1.171707500000000000e+06
2.670100000000000000e+06 1.171707500000000000e+06
2.670105000000000000e+06 1.171707500000000000e+06
2.670110000000000000e+06 1.171707500000000000e+06
2.670112500000000000e+06 1.171705000000000000e+06
2.670115000000000000e+06 1.171702500000000000e+06
2.670120000000000000e+06 1.171702500000000000e+06
2.670125000000000000e+06 1.171702500000000000e+06
2.670130000000000000e+06 1.171702500000000000e+06
2.670135000000000000e+06 1.171702500000000000e+06
2.670140000000000000e+06 1.171702500000000000e+06
2.670145000000000000e+06 1.171702500000000000e+06
2.670150000000000000e+06 1.171702500000000000e+06
2.670155000000000000e+06 1.171702500000000000e+06
2.670160000000000000e+06 1.171702500000000000e+06
2.670165000000000000e+06 1.171702500000000000e+06
2.670170000000000000e+06 1.171702500000000000e+06
2.670175000000000000e+06 1.171702500000000000e+06
2.670180000000000000e+06 1.171702500000000000e+06
2.670182500000000000e+06 1.171705000000000000e+06
2.670185000000000000e+06 1.171707500000000000e+06
2.670190000000000000e+06 1.171707500000000000e+06
2.670195000000000000e+06 1.171707500000000000e+06
2.670200000000000000e+06 1.171707500000000000e+06
2.670205000000000000e+06 1.171707500000000000e+06
2.670210000000000000e+06 1.171707500000000000e+06
2.670215000000000000e+06 1.171707500000000000e+06
2.670220000000000000e+06 1.171707500000000000e+06
2.670225000000000000e+06 1.171707500000000000e+06
2.670230000000000000e+06 1.171707500000000000e+06
2.670232500000000000e+06 1.171710000000000000e+06
2.670235000000000000e+06 1.171712500000000000e+06
2.670240000000000000e+06 1.171712500000000000e+06
2.670245000000000000e+06 1.171712500000000000e+06
2.670250000000000000e+06 1.171712500000000000e+06
2.670255000000000000e+06 1.171712500000000000e+06
2.670257500000000000e+06 1.171715000000000000e+06
2.670260000000000000e+06 1.171717500000000000e+06
2.670265000000000000e+06 1.171717500000000000e+06
2.670270000000000000e+06 1.171717500000000000e+06
2.670272500000000000e+06 1.171720000000000000e+06
2.670275000000000000e+06 1.171722500000000000e+06
2.670280000000000000e+06 1.171722500000000000e+06
2.670285000000000000e+06 1.171722500000000000e+06
2.670287500000000000e+06 1.171725000000000000e+06
2.670290000000000000e+06 1.171727500000000000e+06
2.670295000000000000e+06 1.171727500000000000e+06
2.670297500000000000e+06 1.171730000000000000e+06
2.670300000000000000e+06 1.171732500000000000e+06
2.670305000000000000e+06 1.171732500000000000e+06
2.670310000000000000e+06 1.171732500000000000e+06
2.670312500000000000e+06 1.171735000000000000e+06
2.670315000000000000e+06 1.171737500000000000e+06
2.670317500000000000e+06 1.171740000000000000e+06
2.670320000000000000e+06 1.171742500000000000e+06
2.670325000000000000e+06 1.171742500000000000e+06
2.670327500000000000e+06 1.171745000000000000e+06
2.670330000000000000e+06 1.171747500000000000e+06
2.670335000000000000e+06 1.171747500000000000e+06
2.670337500000000000e+06 1.171750000000000000e+06
2.670340000000000000e+06 1.171752500000000000e+06
2.670342500000000000e+06 1.171755000000000000e+06
2.670345000000000000e+06 1.171757500000000000e+06
2.670347500000000000e+06 1.171760000000000000e+06
2.670350000000000000e+06 1.171762500000000000e+06
2.670352500000000000e+06 1.171765000000000000e+06
2.670355000000000000e+06 1.171767500000000000e+06
2.670357500000000000e+06 1.171770000000000000e+06
2.670360000000000000e+06 1.171772500000000000e+06
2.670362500000000000e+06 1.171775000000000000e+06
2.670365000000000000e+06 1.171777500000000000e+06
2.670367500000000000e+06 1.171780000000000000e+06
2.670370000000000000e+06 1.171782500000000000e+06
2.670372500000000000e+06 1.171785000000000000e+06
2.670375000000000000e+06 1.171787500000000000e+06
2.670377500000000000e+06 1.171790000000000000e+06
2.670377500000000000e+06 1.171795000000000000e+06
2.670380000000000000e+06 1.171797500000000000e+06
2.670382500000000000e+06 1.171800000000000000e+06
2.670385000000000000e+06 1.171802500000000000e+06
2.670387500000000000e+06 1.171805000000000000e+06
2.670387500000000000e+06 1.171810000000000000e+06
2.670390000000000000e+06 1.171812500000000000e+06
2.670392500000000000e+06 1.171815000000000000e+06
2.670392500000000000e+06 1.171820000000000000e+06
2.670395000000000000e+06 1.171822500000000000e+06
2.670397500000000000e+06 1.171825000000000000e+06
2.670397500000000000e+06 1.171830000000000000e+06
2.670400000000000000e+06 1.171832500000000000e+06
2.670402500000000000e+06 1.171835000000000000e+06
2.670402500000000000e+06 1.171840000000000000e+06
2.670405000000000000e+06 1.171842500000000000e+06
2.670407500000000000e+06 1.171845000000000000e+06
2.670407500000000000e+06 1.171850000000000000e+06
2.670410000000000000e+06 1.171852500000000000e+06
2.670412500000000000e+06 1.171855000000000000e+06
2.670412500000000000e+06 1.171860000000000000e+06
2.670415000000000000e+06 1.171862500000000000e+06
2.670417500000000000e+06 1.171865000000000000e+06
2.670417500000000000e+06 1.171870000000000000e+06
2.670417500000000000e+06 1.171875000000000000e+06
2.670420000000000000e+06 1.171877500000000000e+06
2.670422500000000000e+06 1.171880000000000000e+06
2.670422500000000000e+06 1.171885000000000000e+06
2.670422500000000000e+06 1.171890000000000000e+06
2.670425000000000000e+06 1.171892500000000000e+06
2.670427500000000000e+06 1.171895000000000000e+06
2.670430000000000000e+06 1.171897500000000000e+06
2.670432500000000000e+06 1.171900000000000000e+06
2.670435000000000000e+06 1.171902500000000000e+06
2.670437500000000000e+06 1.171905000000000000e+06
2.670440000000000000e+06 1.171907500000000000e+06
2.670442500000000000e+06 1.171910000000000000e+06
2.670445000000000000e+06 1.171912500000000000e+06
2.670450000000000000e+06 1.171912500000000000e+06
2.670455000000000000e+06 1.171912500000000000e+06
2.670457500000000000e+06 1.171915000000000000e+06
2.670460000000000000e+06 1.171917500000000000e+06
2.670462500000000000e+06 1.171920000000000000e+06
2.670465000000000000e+06 1.171922500000000000e+06
2.670467500000000000e+06 1.171925000000000000e+06
2.670470000000000000e+06 1.171927500000000000e+06
2.670472500000000000e+06 1.171930000000000000e+06
2.670475000000000000e+06 1.171932500000000000e+06
2.670477500000000000e+06 1.171935000000000000e+06
2.670480000000000000e+06 1.171937500000000000e+06
2.670482500000000000e+06 1.171940000000000000e+06
2.670485000000000000e+06 1.171942500000000000e+06
2.670487500000000000e+06 1.171945000000000000e+06
2.670490000000000000e+06 1.171947500000000000e+06
2.670495000000000000e+06 1.171947500000000000e+06
2.670497500000000000e+06 1.171950000000000000e+06
2.670500000000000000e+06 1.171952500000000000e+06
2.670505000000000000e+06 1.171952500000000000e+06
2.670507500000000000e+06 1.171955000000000000e+06
2.670510000000000000e+06 1.171957500000000000e+06
2.670512500000000000e+06 1.171960000000000000e+06
2.670515000000000000e+06 1.171962500000000000e+06
2.670520000000000000e+06 1.171962500000000000e+06
2.670525000000000000e+06 1.171962500000000000e+06
2.670530000000000000e+06 1.171962500000000000e+06
2.670532500000000000e+06 1.171960000000000000e+06
2.670535000000000000e+06 1.171957500000000000e+06
2.670540000000000000e+06 1.171957500000000000e+06
2.670545000000000000e+06 1.171957500000000000e+06
2.670547500000000000e+06 1.171955000000000000e+06
2.670550000000000000e+06 1.171952500000000000e+06
2.670555000000000000e+06 1.171952500000000000e+06
2.670560000000000000e+06 1.171952500000000000e+06
2.670562500000000000e+06 1.171950000000000000e+06
2.670565000000000000e+06 1.171947500000000000e+06
2.670567500000000000e+06 1.171950000000000000e+06
2.670570000000000000e+06 1.171952500000000000e+06
2.670575000000000000e+06 1.171952500000000000e+06
2.670577500000000000e+06 1.171950000000000000e+06
2.670580000000000000e+06 1.171947500000000000e+06
2.670582500000000000e+06 1.171945000000000000e+06
2.670585000000000000e+06 1.171942500000000000e+06
2.670590000000000000e+06 1.171942500000000000e+06
2.670592500000000000e+06 1.171940000000000000e+06
2.670595000000000000e+06 1.171937500000000000e+06
2.670600000000000000e+06 1.171937500000000000e+06
2.670602500000000000e+06 1.171935000000000000e+06
2.670605000000000000e+06 1.171932500000000000e+06
2.670607500000000000e+06 1.171930000000000000e+06
2.670610000000000000e+06 1.171927500000000000e+06
2.670612500000000000e+06 1.171925000000000000e+06
2.670615000000000000e+06 1.171922500000000000e+06
2.670620000000000000e+06 1.171922500000000000e+06
2.670625000000000000e+06 1.171922500000000000e+06
2.670627500000000000e+06 1.171920000000000000e+06
2.670630000000000000e+06 1.171917500000000000e+06
2.670632500000000000e+06 1.171915000000000000e+06
2.670635000000000000e+06 1.171912500000000000e+06
2.670637500000000000e+06 1.171910000000000000e+06
2.670640000000000000e+06 1.171907500000000000e+06
2.670642500000000000e+06 1.171905000000000000e+06
2.670645000000000000e+06 1.171902500000000000e+06
2.670647500000000000e+06 1.171900000000000000e+06
2.670647500000000000e+06 1.171895000000000000e+06
2.670645000000000000e+06 1.171892500000000000e+06
2.670642500000000000e+06 1.171890000000000000e+06
2.670642500000000000e+06 1.171885000000000000e+06
2.670642500000000000e+06 1.171880000000000000e+06
2.670642500000000000e+06 1.171875000000000000e+06
2.670645000000000000e+06 1.171872500000000000e+06
2.670647500000000000e+06 1.171870000000000000e+06
2.670650000000000000e+06 1.171867500000000000e+06
2.670652500000000000e+06 1.171865000000000000e+06
2.670655000000000000e+06 1.171862500000000000e+06
2.670660000000000000e+06 1.171862500000000000e+06
2.670662500000000000e+06 1.171860000000000000e+06
2.670665000000000000e+06 1.171857500000000000e+06
2.670667500000000000e+06 1.171855000000000000e+06
2.670670000000000000e+06 1.171852500000000000e+06
2.670672500000000000e+06 1.171850000000000000e+06
2.670672500000000000e+06 1.171845000000000000e+06
2.670675000000000000e+06 1.171842500000000000e+06
2.670677500000000000e+06 1.171840000000000000e+06
2.670680000000000000e+06 1.171837500000000000e+06
2.670685000000000000e+06 1.171837500000000000e+06
2.670687500000000000e+06 1.171835000000000000e+06
2.670690000000000000e+06 1.171832500000000000e+06
2.670692500000000000e+06 1.171830000000000000e+06
2.670695000000000000e+06 1.171827500000000000e+06
2.670697500000000000e+06 1.171825000000000000e+06
2.670700000000000000e+06 1.171822500000000000e+06
2.670705000000000000e+06 1.171822500000000000e+06
2.670707500000000000e+06 1.171820000000000000e+06
2.670710000000000000e+06 1.171817500000000000e+06
2.670712500000000000e+06 1.171815000000000000e+06
2.670715000000000000e+06 1.171812500000000000e+06
2.670717500000000000e+06 1.171810000000000000e+06
2.670717500000000000e+06 1.171805000000000000e+06
2.670717500000000000e+06 1.171800000000000000e+06
2.670720000000000000e+06 1.171797500000000000e+06
2.670722500000000000e+06 1.171795000000000000e+06
2.670725000000000000e+06 1.171792500000000000e+06
2.670727500000000000e+06 1.171790000000000000e+06
2.670727500000000000e+06 1.171785000000000000e+06
2.670727500000000000e+06 1.171780000000000000e+06
2.670727500000000000e+06 1.171775000000000000e+06
2.670725000000000000e+06 1.171772500000000000e+06
2.670722500000000000e+06 1.171770000000000000e+06
2.670720000000000000e+06 1.171767500000000000e+06
2.670717500000000000e+06 1.171765000000000000e+06
2.670717500000000000e+06 1.171760000000000000e+06
2.670717500000000000e+06 1.171755000000000000e+06
2.670717500000000000e+06 1.171750000000000000e+06
2.670717500000000000e+06 1.171745000000000000e+06
2.670717500000000000e+06 1.171740000000000000e+06
2.670717500000000000e+06 1.171735000000000000e+06
2.670717500000000000e+06 1.171730000000000000e+06
2.670715000000000000e+06 1.171727500000000000e+06
2.670712500000000000e+06 1.171725000000000000e+06
2.670712500000000000e+06 1.171720000000000000e+06
2.670712500000000000e+06 1.171715000000000000e+06
2.670715000000000000e+06 1.171712500000000000e+06
2.670720000000000000e+06 1.171712500000000000e+06
2.670725000000000000e+06 1.171712500000000000e+06
2.670727500000000000e+06 1.171710000000000000e+06
2.670730000000000000e+06 1.171707500000000000e+06
2.670732500000000000e+06 1.171705000000000000e+06
2.670735000000000000e+06 1.171702500000000000e+06
2.670737500000000000e+06 1.171700000000000000e+06
2.670737500000000000e+06 1.171695000000000000e+06
2.670740000000000000e+06 1.171692500000000000e+06
2.670742500000000000e+06 1.171690000000000000e+06
2.670742500000000000e+06 1.171685000000000000e+06
2.670742500000000000e+06 1.171680000000000000e+06
2.670742500000000000e+06 1.171675000000000000e+06
2.670745000000000000e+06 1.171672500000000000e+06
2.670747500000000000e+06 1.171670000000000000e+06
2.670747500000000000e+06 1.171665000000000000e+06
2.670747500000000000e+06 1.171660000000000000e+06
2.670750000000000000e+06 1.171657500000000000e+06
2.670752500000000000e+06 1.171655000000000000e+06
2.670752500000000000e+06 1.171650000000000000e+06
2.670755000000000000e+06 1.171647500000000000e+06
2.670757500000000000e+06 1.171645000000000000e+06
2.670757500000000000e+06 1.171640000000000000e+06
2.670757500000000000e+06 1.171635000000000000e+06
2.670757500000000000e+06 1.171630000000000000e+06
2.670757500000000000e+06 1.171625000000000000e+06
2.670760000000000000e+06 1.171622500000000000e+06
2.670762500000000000e+06 1.171620000000000000e+06
2.670762500000000000e+06 1.171615000000000000e+06
2.670765000000000000e+06 1.171612500000000000e+06
2.670767500000000000e+06 1.171610000000000000e+06
2.670770000000000000e+06 1.171607500000000000e+06
2.670772500000000000e+06 1.171605000000000000e+06
2.670772500000000000e+06 1.171600000000000000e+06
2.670772500000000000e+06 1.171595000000000000e+06
2.670772500000000000e+06 1.171590000000000000e+06
2.670775000000000000e+06 1.171587500000000000e+06
2.670777500000000000e+06 1.171585000000000000e+06
2.670777500000000000e+06 1.171580000000000000e+06
2.670780000000000000e+06 1.171577500000000000e+06
2.670782500000000000e+06 1.171575000000000000e+06
2.670785000000000000e+06 1.171572500000000000e+06
2.670787500000000000e+06 1.171570000000000000e+06
2.670787500000000000e+06 1.171565000000000000e+06
2.670787500000000000e+06 1.171560000000000000e+06
2.670787500000000000e+06 1.171555000000000000e+06
2.670785000000000000e+06 1.171552500000000000e+06
2.670782500000000000e+06 1.171550000000000000e+06
2.670782500000000000e+06 1.171545000000000000e+06
2.670785000000000000e+06 1.171542500000000000e+06
2.670787500000000000e+06 1.171540000000000000e+06
2.670787500000000000e+06 1.171535000000000000e+06
2.670790000000000000e+06 1.171532500000000000e+06
2.670792500000000000e+06 1.171530000000000000e+06
2.670792500000000000e+06 1.171525000000000000e+06
2.670792500000000000e+06 1.171520000000000000e+06
2.670795000000000000e+06 1.171517500000000000e+06
2.670797500000000000e+06 1.171515000000000000e+06
2.670797500000000000e+06 1.171510000000000000e+06
2.670797500000000000e+06 1.171505000000000000e+06
2.670800000000000000e+06 1.171502500000000000e+06
2.670802500000000000e+06 1.171500000000000000e+06
2.670802500000000000e+06 1.171495000000000000e+06
2.670805000000000000e+06 1.171492500000000000e+06
2.670807500000000000e+06 1.171490000000000000e+06
2.670807500000000000e+06 1.171485000000000000e+06
2.670810000000000000e+06 1.171482500000000000e+06
2.670812500000000000e+06 1.171480000000000000e+06
2.670812500000000000e+06 1.171475000000000000e+06
2.670815000000000000e+06 1.171472500000000000e+06
2.670817500000000000e+06 1.171470000000000000e+06
2.670817500000000000e+06 1.171465000000000000e+06
2.670817500000000000e+06 1.171460000000000000e+06
2.670817500000000000e+06 1.171455000000000000e+06
2.670817500000000000e+06 1.171450000000000000e+06
2.670817500000000000e+06 1.171445000000000000e+06
2.670820000000000000e+06 1.171442500000000000e+06
2.670822500000000000e+06 1.171440000000000000e+06
2.670822500000000000e+06 1.171435000000000000e+06
2.670822500000000000e+06 1.171430000000000000e+06
2.670822500000000000e+06 1.171425000000000000e+06
2.670822500000000000e+06 1.171420000000000000e+06
2.670822500000000000e+06 1.171415000000000000e+06
2.670822500000000000e+06 1.171410000000000000e+06
2.670822500000000000e+06 1.171405000000000000e+06
2.670825000000000000e+06 1.171402500000000000e+06
2.670827500000000000e+06 1.171400000000000000e+06
2.670827500000000000e+06 1.171395000000000000e+06
2.670825000000000000e+06 1.171392500000000000e+06
2.670822500000000000e+06 1.171390000000000000e+06
2.670825000000000000e+06 1.171387500000000000e+06
2.670827500000000000e+06 1.171385000000000000e+06
2.670827500000000000e+06 1.171380000000000000e+06
2.670827500000000000e+06 1.171375000000000000e+06
2.670827500000000000e+06 1.171370000000000000e+06
2.670827500000000000e+06 1.171365000000000000e+06
2.670827500000000000e+06 1.171360000000000000e+06
2.670827500000000000e+06 1.171355000000000000e+06
2.670827500000000000e+06 1.171350000000000000e+06
2.670827500000000000e+06 1.171345000000000000e+06
2.670827500000000000e+06 1.171340000000000000e+06
2.670827500000000000e+06 1.171335000000000000e+06
2.670827500000000000e+06 1.171330000000000000e+06
2.670830000000000000e+06 1.171327500000000000e+06
2.670832500000000000e+06 1.171325000000000000e+06
2.670832500000000000e+06 1.171320000000000000e+06
2.670832500000000000e+06 1.171315000000000000e+06
2.670832500000000000e+06 1.171310000000000000e+06
2.670832500000000000e+06 1.171305000000000000e+06
2.670835000000000000e+06 1.171302500000000000e+06
2.670837500000000000e+06 1.171300000000000000e+06
2.670840000000000000e+06 1.171297500000000000e+06
2.670842500000000000e+06 1.171295000000000000e+06
2.670845000000000000e+06 1.171292500000000000e+06
2.670847500000000000e+06 1.171290000000000000e+06
2.670850000000000000e+06 1.171287500000000000e+06
2.670852500000000000e+06 1.171285000000000000e+06
2.670852500000000000e+06 1.171280000000000000e+06
2.670852500000000000e+06 1.171275000000000000e+06
2.670850000000000000e+06 1.171272500000000000e+06
2.670847500000000000e+06 1.171270000000000000e+06
2.670845000000000000e+06 1.171267500000000000e+06
2.670842500000000000e+06 1.171265000000000000e+06
2.670842500000000000e+06 1.171260000000000000e+06
2.670845000000000000e+06 1.171257500000000000e+06
2.670847500000000000e+06 1.171255000000000000e+06
2.670850000000000000e+06 1.171252500000000000e+06
2.670852500000000000e+06 1.171250000000000000e+06
2.670850000000000000e+06 1.171247500000000000e+06
2.670847500000000000e+06 1.171245000000000000e+06
2.670847500000000000e+06 1.171240000000000000e+06
2.670847500000000000e+06 1.171235000000000000e+06
2.670847500000000000e+06 1.171230000000000000e+06
2.670847500000000000e+06 1.171225000000000000e+06
2.670847500000000000e+06 1.171220000000000000e+06
2.670847500000000000e+06 1.171215000000000000e+06
2.670847500000000000e+06 1.171210000000000000e+06
2.670847500000000000e+06 1.171205000000000000e+06
2.670847500000000000e+06 1.171200000000000000e+06
2.670847500000000000e+06 1.171195000000000000e+06
2.670847500000000000e+06 1.171190000000000000e+06
2.670847500000000000e+06 1.171185000000000000e+06
2.670847500000000000e+06 1.171180000000000000e+06
2.670847500000000000e+06 1.171175000000000000e+06
2.670847500000000000e+06 1.171170000000000000e+06
2.670845000000000000e+06 1.171167500000000000e+06
2.670842500000000000e+06 1.171165000000000000e+06
2.670842500000000000e+06 1.171160000000000000e+06
2.670842500000000000e+06 1.171155000000000000e+06
2.670842500000000000e+06 1.171150000000000000e+06
2.670840000000000000e+06 1.171147500000000000e+06
2.670837500000000000e+06 1.171145000000000000e+06
2.670837500000000000e+06 1.171140000000000000e+06
2.670837500000000000e+06 1.171135000000000000e+06
2.670837500000000000e+06 1.171130000000000000e+06
2.670837500000000000e+06 1.171125000000000000e+06
2.670835000000000000e+06 1.171122500000000000e+06
2.670832500000000000e+06 1.171120000000000000e+06
2.670835000000000000e+06 1.171117500000000000e+06
2.670837500000000000e+06 1.171115000000000000e+06
2.670835000000000000e+06 1.171112500000000000e+06
2.670832500000000000e+06 1.171110000000000000e+06
2.670832500000000000e+06 1.171105000000000000e+06
2.670830000000000000e+06 1.171102500000000000e+06
2.670827500000000000e+06 1.171100000000000000e+06
2.670830000000000000e+06 1.171097500000000000e+06
2.670832500000000000e+06 1.171095000000000000e+06
2.670835000000000000e+06 1.171092500000000000e+06
2.670837500000000000e+06 1.171090000000000000e+06
2.670837500000000000e+06 1.171085000000000000e+06
2.670837500000000000e+06 1.171080000000000000e+06
2.670837500000000000e+06 1.171075000000000000e+06
2.670837500000000000e+06 1.171070000000000000e+06
2.670837500000000000e+06 1.171065000000000000e+06
2.670837500000000000e+06 1.171060000000000000e+06
2.670837500000000000e+06 1.171055000000000000e+06
2.670837500000000000e+06 1.171050000000000000e+06
2.670837500000000000e+06 1.171045000000000000e+06
2.670837500000000000e+06 1.171040000000000000e+06
2.670840000000000000e+06 1.171037500000000000e+06
2.670842500000000000e+06 1.171035000000000000e+06
2.670842500000000000e+06 1.171030000000000000e+06
2.670842500000000000e+06 1.171025000000000000e+06
2.670842500000000000e+06 1.171020000000000000e+06
2.670842500000000000e+06 1.171015000000000000e+06
2.670842500000000000e+06 1.171010000000000000e+06
2.670842500000000000e+06 1.171005000000000000e+06
2.670842500000000000e+06 1.171000000000000000e+06
2.670845000000000000e+06 1.170997500000000000e+06
2.670847500000000000e+06 1.170995000000000000e+06
2.670847500000000000e+06 1.170990000000000000e+06
2.670847500000000000e+06 1.170985000000000000e+06
2.670847500000000000e+06 1.170980000000000000e+06
2.670847500000000000e+06 1.170975000000000000e+06
2.670847500000000000e+06 1.170970000000000000e+06
2.670847500000000000e+06 1.170965000000000000e+06
2.670845000000000000e+06 1.170962500000000000e+06
2.670842500000000000e+06 1.170960000000000000e+06
2.670842500000000000e+06 1.170955000000000000e+06
2.670842500000000000e+06 1.170950000000000000e+06
2.670840000000000000e+06 1.170947500000000000e+06
2.670837500000000000e+06 1.170945000000000000e+06
2.670840000000000000e+06 1.170942500000000000e+06
2.670842500000000000e+06 1.170940000000000000e+06
2.670845000000000000e+06 1.170937500000000000e+06
2.670847500000000000e+06 1.170935000000000000e+06
2.670850000000000000e+06 1.170932500000000000e+06
2.670852500000000000e+06 1.170930000000000000e+06
2.670852500000000000e+06 1.170925000000000000e+06
2.670855000000000000e+06 1.170922500000000000e+06
2.670857500000000000e+06 1.170920000000000000e+06
2.670857500000000000e+06 1.170915000000000000e+06
2.670860000000000000e+06 1.170912500000000000e+06
2.670862500000000000e+06 1.170910000000000000e+06
2.670862500000000000e+06 1.170905000000000000e+06
2.670865000000000000e+06 1.170902500000000000e+06
2.670870000000000000e+06 1.170902500000000000e+06
2.670875000000000000e+06 1.170902500000000000e+06
2.670877500000000000e+06 1.170900000000000000e+06
2.670880000000000000e+06 1.170897500000000000e+06
2.670882500000000000e+06 1.170895000000000000e+06
2.670885000000000000e+06 1.170892500000000000e+06
2.670887500000000000e+06 1.170890000000000000e+06
2.670890000000000000e+06 1.170887500000000000e+06
2.670892500000000000e+06 1.170885000000000000e+06
2.670892500000000000e+06 1.170880000000000000e+06
2.670895000000000000e+06 1.170877500000000000e+06
2.670897500000000000e+06 1.170875000000000000e+06
2.670895000000000000e+06 1.170872500000000000e+06
2.670892500000000000e+06 1.170870000000000000e+06
2.670890000000000000e+06 1.170867500000000000e+06
2.670887500000000000e+06 1.170865000000000000e+06
2.670887500000000000e+06 1.170860000000000000e+06
2.670890000000000000e+06 1.170857500000000000e+06
2.670892500000000000e+06 1.170855000000000000e+06
2.670895000000000000e+06 1.170852500000000000e+06
2.670897500000000000e+06 1.170850000000000000e+06
2.670897500000000000e+06 1.170845000000000000e+06
2.670897500000000000e+06 1.170840000000000000e+06
2.670897500000000000e+06 1.170835000000000000e+06
2.670897500000000000e+06 1.170830000000000000e+06
2.670897500000000000e+06 1.170825000000000000e+06
2.670897500000000000e+06 1.170820000000000000e+06
2.670897500000000000e+06 1.170815000000000000e+06
2.670895000000000000e+06 1.170812500000000000e+06
2.670892500000000000e+06 1.170810000000000000e+06
2.670890000000000000e+06 1.170807500000000000e+06
2.670887500000000000e+06 1.170805000000000000e+06
2.670887500000000000e+06 1.170800000000000000e+06
2.670885000000000000e+06 1.170797500000000000e+06
2.670882500000000000e+06 1.170795000000000000e+06
2.670882500000000000e+06 1.170790000000000000e+06
2.670885000000000000e+06 1.170787500000000000e+06
2.670887500000000000e+06 1.170785000000000000e+06
2.670887500000000000e+06 1.170780000000000000e+06
2.670890000000000000e+06 1.170777500000000000e+06
2.670892500000000000e+06 1.170775000000000000e+06
2.670890000000000000e+06 1.170772500000000000e+06
2.670887500000000000e+06 1.170770000000000000e+06
2.670887500000000000e+06 1.170765000000000000e+06
2.670887500000000000e+06 1.170760000000000000e+06
2.670887500000000000e+06 1.170755000000000000e+06
2.670885000000000000e+06 1.170752500000000000e+06
2.670882500000000000e+06 1.170750000000000000e+06
2.670882500000000000e+06 1.170745000000000000e+06
2.670882500000000000e+06 1.170740000000000000e+06
2.670880000000000000e+06 1.170737500000000000e+06
2.670877500000000000e+06 1.170735000000000000e+06
2.670877500000000000e+06 1.170730000000000000e+06
2.670877500000000000e+06 1.170725000000000000e+06
2.670877500000000000e+06 1.170720000000000000e+06
2.670877500000000000e+06 1.170715000000000000e+06
2.670877500000000000e+06 1.170710000000000000e+06
2.670877500000000000e+06 1.170705000000000000e+06
2.670877500000000000e+06 1.170700000000000000e+06
2.670877500000000000e+06 1.170695000000000000e+06
2.670880000000000000e+06 1.170692500000000000e+06
2.670882500000000000e+06 1.170690000000000000e+06
2.670885000000000000e+06 1.170687500000000000e+06
2.670887500000000000e+06 1.170685000000000000e+06
2.670887500000000000e+06 1.170680000000000000e+06
2.670887500000000000e+06 1.170675000000000000e+06
2.670887500000000000e+06 1.170670000000000000e+06
2.670887500000000000e+06 1.170665000000000000e+06
2.670890000000000000e+06 1.170662500000000000e+06
2.670892500000000000e+06 1.170660000000000000e+06
2.670892500000000000e+06 1.170655000000000000e+06
2.670892500000000000e+06 1.170650000000000000e+06
2.670892500000000000e+06 1.170645000000000000e+06
2.670890000000000000e+06 1.170642500000000000e+06
2.670887500000000000e+06 1.170640000000000000e+06
2.670887500000000000e+06 1.170635000000000000e+06
2.670887500000000000e+06 1.170630000000000000e+06
2.670887500000000000e+06 1.170625000000000000e+06
2.670887500000000000e+06 1.170620000000000000e+06
2.670887500000000000e+06 1.170615000000000000e+06
2.670887500000000000e+06 1.170610000000000000e+06
2.670887500000000000e+06 1.170605000000000000e+06
2.670890000000000000e+06 1.170602500000000000e+06
2.670892500000000000e+06 1.170600000000000000e+06
2.670892500000000000e+06 1.170595000000000000e+06
2.670890000000000000e+06 1.170592500000000000e+06
2.670887500000000000e+06 1.170590000000000000e+06
2.670885000000000000e+06 1.170587500000000000e+06
2.670882500000000000e+06 1.170585000000000000e+06
2.670882500000000000e+06 1.170580000000000000e+06
2.670882500000000000e+06 1.170575000000000000e+06
2.670880000000000000e+06 1.170572500000000000e+06
2.670877500000000000e+06 1.170570000000000000e+06
2.670877500000000000e+06 1.170565000000000000e+06
2.670877500000000000e+06 1.170560000000000000e+06
2.670875000000000000e+06 1.170557500000000000e+06
2.670872500000000000e+06 1.170555000000000000e+06
2.670872500000000000e+06 1.170550000000000000e+06
2.670870000000000000e+06 1.170547500000000000e+06
2.670867500000000000e+06 1.170545000000000000e+06
2.670865000000000000e+06 1.170542500000000000e+06
2.670862500000000000e+06 1.170540000000000000e+06
2.670862500000000000e+06 1.170535000000000000e+06
2.670860000000000000e+06 1.170532500000000000e+06
2.670857500000000000e+06 1.170530000000000000e+06
2.670857500000000000e+06 1.170525000000000000e+06
2.670857500000000000e+06 1.170520000000000000e+06
2.670857500000000000e+06 1.170515000000000000e+06
2.670855000000000000e+06 1.170512500000000000e+06
2.670852500000000000e+06 1.170510000000000000e+06
2.670852500000000000e+06 1.170505000000000000e+06
2.670852500000000000e+06 1.170500000000000000e+06
2.670852500000000000e+06 1.170495000000000000e+06
2.670850000000000000e+06 1.170492500000000000e+06
2.670847500000000000e+06 1.170490000000000000e+06
2.670845000000000000e+06 1.170487500000000000e+06
2.670842500000000000e+06 1.170485000000000000e+06
2.670842500000000000e+06 1.170480000000000000e+06
2.670842500000000000e+06 1.170475000000000000e+06
2.670842500000000000e+06 1.170470000000000000e+06
2.670840000000000000e+06 1.170467500000000000e+06
2.670837500000000000e+06 1.170465000000000000e+06
2.670837500000000000e+06 1.170460000000000000e+06
2.670835000000000000e+06 1.170457500000000000e+06
2.670832500000000000e+06 1.170455000000000000e+06
2.670830000000000000e+06 1.170452500000000000e+06
2.670827500000000000e+06 1.170450000000000000e+06
2.670825000000000000e+06 1.170447500000000000e+06
2.670822500000000000e+06 1.170445000000000000e+06
2.670820000000000000e+06 1.170442500000000000e+06
2.670817500000000000e+06 1.170440000000000000e+06
2.670817500000000000e+06 1.170435000000000000e+06
2.670815000000000000e+06 1.170432500000000000e+06
2.670812500000000000e+06 1.170430000000000000e+06
2.670810000000000000e+06 1.170427500000000000e+06
2.670807500000000000e+06 1.170425000000000000e+06
2.670805000000000000e+06 1.170422500000000000e+06
2.670802500000000000e+06 1.170420000000000000e+06
2.670802500000000000e+06 1.170415000000000000e+06
2.670800000000000000e+06 1.170412500000000000e+06
2.670797500000000000e+06 1.170410000000000000e+06
2.670797500000000000e+06 1.170405000000000000e+06
2.670795000000000000e+06 1.170402500000000000e+06
2.670792500000000000e+06 1.170400000000000000e+06
2.670792500000000000e+06 1.170395000000000000e+06
2.670790000000000000e+06 1.170392500000000000e+06
2.670787500000000000e+06 1.170390000000000000e+06
2.670785000000000000e+06 1.170387500000000000e+06
2.670782500000000000e+06 1.170385000000000000e+06
2.670780000000000000e+06 1.170382500000000000e+06
2.670775000000000000e+06 1.170382500000000000e+06
2.670770000000000000e+06 1.170382500000000000e+06
2.670765000000000000e+06 1.170382500000000000e+06
2.670762500000000000e+06 1.170385000000000000e+06
2.670760000000000000e+06 1.170387500000000000e+06
2.670757500000000000e+06 1.170390000000000000e+06
2.670755000000000000e+06 1.170392500000000000e+06
2.670752500000000000e+06 1.170395000000000000e+06
2.670750000000000000e+06 1.170397500000000000e+06
2.670747500000000000e+06 1.170400000000000000e+06
2.670745000000000000e+06 1.170402500000000000e+06
2.670742500000000000e+06 1.170400000000000000e+06
2.670742500000000000e+06 1.170395000000000000e+06
2.670740000000000000e+06 1.170392500000000000e+06
2.670737500000000000e+06 1.170390000000000000e+06
2.670737500000000000e+06 1.170385000000000000e+06
2.670735000000000000e+06 1.170382500000000000e+06
2.670732500000000000e+06 1.170380000000000000e+06
2.670730000000000000e+06 1.170377500000000000e+06
2.670727500000000000e+06 1.170375000000000000e+06
2.670725000000000000e+06 1.170372500000000000e+06
2.670722500000000000e+06 1.170370000000000000e+06
2.670720000000000000e+06 1.170367500000000000e+06
2.670717500000000000e+06 1.170365000000000000e+06
2.670717500000000000e+06 1.170360000000000000e+06
2.670715000000000000e+06 1.170357500000000000e+06
2.670712500000000000e+06 1.170355000000000000e+06
2.670710000000000000e+06 1.170352500000000000e+06
2.670707500000000000e+06 1.170350000000000000e+06
2.670705000000000000e+06 1.170347500000000000e+06
2.670702500000000000e+06 1.170345000000000000e+06
2.670700000000000000e+06 1.170342500000000000e+06
2.670695000000000000e+06 1.170342500000000000e+06
2.670690000000000000e+06 1.170342500000000000e+06
2.670685000000000000e+06 1.170342500000000000e+06
2.670680000000000000e+06 1.170342500000000000e+06
2.670675000000000000e+06 1.170342500000000000e+06
2.670670000000000000e+06 1.170342500000000000e+06
2.670665000000000000e+06 1.170342500000000000e+06
2.670660000000000000e+06 1.170342500000000000e+06
2.670655000000000000e+06 1.170342500000000000e+06
2.670650000000000000e+06 1.170342500000000000e+06
2.670647500000000000e+06 1.170340000000000000e+06
2.670645000000000000e+06 1.170337500000000000e+06
2.670642500000000000e+06 1.170335000000000000e+06
2.670640000000000000e+06 1.170332500000000000e+06
2.670637500000000000e+06 1.170330000000000000e+06
2.670635000000000000e+06 1.170327500000000000e+06
2.670630000000000000e+06 1.170327500000000000e+06
2.670627500000000000e+06 1.170325000000000000e+06
2.670625000000000000e+06 1.170322500000000000e+06
2.670620000000000000e+06 1.170322500000000000e+06
2.670615000000000000e+06 1.170322500000000000e+06
2.670610000000000000e+06 1.170322500000000000e+06
2.670607500000000000e+06 1.170320000000000000e+06
2.670605000000000000e+06 1.170317500000000000e+06
2.670600000000000000e+06 1.170317500000000000e+06
2.670597500000000000e+06 1.170315000000000000e+06
2.670595000000000000e+06 1.170312500000000000e+06
2.670590000000000000e+06 1.170312500000000000e+06
2.670587500000000000e+06 1.170315000000000000e+06
2.670585000000000000e+06 1.170317500000000000e+06
2.670582500000000000e+06 1.170320000000000000e+06
2.670580000000000000e+06 1.170322500000000000e+06
2.670575000000000000e+06 1.170322500000000000e+06
2.670570000000000000e+06 1.170322500000000000e+06
2.670565000000000000e+06 1.170322500000000000e+06
2.670560000000000000e+06 1.170322500000000000e+06
2.670555000000000000e+06 1.170322500000000000e+06
2.670550000000000000e+06 1.170322500000000000e+06
2.670545000000000000e+06 1.170322500000000000e+06
2.670540000000000000e+06 1.170322500000000000e+06
2.670535000000000000e+06 1.170322500000000000e+06
2.670532500000000000e+06 1.170320000000000000e+06
2.670532500000000000e+06 1.170315000000000000e+06
2.670530000000000000e+06 1.170312500000000000e+06
2.670527500000000000e+06 1.170310000000000000e+06
2.670525000000000000e+06 1.170307500000000000e+06
2.670522500000000000e+06 1.170305000000000000e+06
2.670520000000000000e+06 1.170302500000000000e+06
